0.253551 -0.33587869
0.260625 -0.35674824
0.268301 -0.36399442
0.275825 -0.35686389
0.282831 -0.34776072
0.290299 -0.34434414
0.298014 -0.34060375
0.305661 -0.33795045
0.313016 -0.33425632
0.3202 -0.32965253
0.327394 -0.32572379
0.334592 -0.32165099
0.341788 -0.31754449
0.348891 -0.31373174
0.355903 -0.31004950
0.362912 -0.30592284
0.369915 -0.30182922
0.376908 -0.29792758
0.383848 -0.29406361
0.39071 -0.29044944
0.397536 -0.28650121
0.404349 -0.28266830
0.411146 -0.27875444
0.417921 -0.27492516
0.424635 -0.27126902
0.431287 -0.26775134
0.437919 -0.26397955
0.444529 -0.26018960
0.451115 -0.25646606
0.457672 -0.25279010
0.464179 -0.24937385
0.47064 -0.24588028
0.477077 -0.24226710
0.483487 -0.23863641
0.489866 -0.23508766
0.496211 -0.23158848
0.50252 -0.22820792
0.508797 -0.22490500
0.515045 -0.22142267
0.52126 -0.21797371
0.52744 -0.21454094
0.533582 -0.21115807
0.539695 -0.20785747
0.545788 -0.20470523
0.551854 -0.20140298
0.557885 -0.19809742
0.563876 -0.19478592
0.569827 -0.19152299
0.575737 -0.18832383
0.58164 -0.18522875
0.587536 -0.18213896
0.593393 -0.17895666
0.599208 -0.17578129
0.60498 -0.17262806
0.610706 -0.16953364
0.616408 -0.16646070
0.622117 -0.16351068
0.627812 -0.16043907
0.633463 -0.15733573
0.639069 -0.15424693
0.644626 -0.15118688
0.650134 -0.14817309
0.655639 -0.14520093
0.661165 -0.14229353
0.666665 -0.13927214
0.672117 -0.13625141
0.677519 -0.13324357
0.682868 -0.13026910
0.688165 -0.12732304
0.693484 -0.12442192
0.698837 -0.12150462
0.704147 -0.11850503
0.709405 -0.11551107
0.714609 -0.11252734
0.719757 -0.10957699
0.724855 -0.10664349
0.729999 -0.10374931
0.73518 -0.10079103
0.740306 -0.09778088
0.745375 -0.09478063
0.750386 -0.09179129
0.755336 -0.08883235
0.76026 -0.08587770
0.765241 -0.08294189
0.770246 -0.07991654
0.775191 -0.07685285
0.780073 -0.07379676
0.784891 -0.07075158
0.789645 -0.06773118
0.794414 -0.06469029
0.799254 -0.06162760
0.804082 -0.05845223
0.808843 -0.05526067
0.813536 -0.05206878
0.81816 -0.04889572
0.822721 -0.04573489
0.827366 -0.04254168
0.832084 -0.03923514
0.836729 -0.03585424
0.841299 -0.03248617
0.845793 -0.02911450
0.85021 -0.02576919
0.854677 -0.02236382
0.859239 -0.01889173
0.863766 -0.01528436
0.868209 -0.01168513
0.872568 -0.00808315
0.87684 -0.00451517
0.881165 -0.00085060
0.885597 0.00291227
0.889995 0.00684310
0.894296 0.01077659
0.8985 0.01469733
0.902612 0.01861457
0.90685 0.02265198
0.911199 0.02691183
0.915436 0.03126294
0.919558 0.03558957
0.923564 0.03989202
0.92766 0.04435604
0.931889 0.04901038
0.936032 0.05385505
0.940034 0.05863000
0.943918 0.06342808
0.947957 0.06843630
0.952111 0.07381130
0.956082 0.07921405
0.959868 0.08452991
0.963806 0.09018180
0.967884 0.09617370
0.971729 0.10237211
0.97552 0.10840068
0.979458 0.11543044
0.983267 0.12140813
0.98706 0.13061670
0.990882 0.13438287
0.994678 0.15080921
0.99832 0.14389939
0.00133235 1.23138890
0.00576479 0.56630606
0.0127073 0.08604391
0.0207688 -0.11404333
0.0291543 -0.21655157
0.037672 -0.28922654
0.0464094 -0.32053350
0.0551576 -0.35379756
0.0639069 -0.36924485
0.0727041 -0.38039994
0.081414 -0.39123122
0.090183 -0.39570846
0.098871 -0.40123644
0.107395 -0.40246562
0.116087 -0.40505614
0.124618 -0.40488762
0.132994 -0.40492067
0.141535 -0.40456711
0.149928 -0.40296456
0.158135 -0.40179816
0.166435 -0.39940920
0.174718 -0.39756874
0.182824 -0.39482623
0.190865 -0.39231832
0.198976 -0.38957250
0.20712 -0.38700841
0.215524 -0.38408747
0.224086 -0.37365931
0.231971 -0.37302489
0.239768 -0.36966449
0.246955 -0.38876957
0.00133235 1.22923124
0.00576479 0.57222395
0.0127073 0.08126466
0.0207688 -0.11175349
0.0291543 -0.21942427
0.037672 -0.28182671
0.0464094 -0.32651450
0.0551576 -0.35059906
0.0639069 -0.36908625
0.0727041 -0.38114670
0.081414 -0.39092063
0.090183 -0.39633627
0.098871 -0.40089611
0.107395 -0.40281917
0.116087 -0.40456050
0.124618 -0.40507927
0.132994 -0.40442173
0.141535 -0.40471250
0.149928 -0.40252510
0.158135 -0.40193364
0.166435 -0.39900278
0.174718 -0.39769761
0.182824 -0.39444624
0.190865 -0.39243727
0.198976 -0.38920903
0.20712 -0.38710093
0.215524 -0.38375044
0.224086 -0.37367583
0.231971 -0.37281673
0.239768 -0.36930102
0.246955 -0.38897774
0.253478 -0.33578948
0.260394 -0.35657972
0.267845 -0.36350540
0.275233 -0.35759412
0.282135 -0.34804819
0.289403 -0.34471091
0.296942 -0.34103660
0.304465 -0.33802975
0.311708 -0.33506255
0.318744 -0.33037417
0.325783 -0.32640645
0.332827 -0.32249688
0.339871 -0.31853774
0.346848 -0.31469889
0.353736 -0.31100211
0.360596 -0.30719034
0.367453 -0.30317173
0.3743 -0.29925886
0.381124 -0.29534500
0.38787 -0.29188943
0.394554 -0.28816093
0.401228 -0.28430191
0.407888 -0.28046504
0.41453 -0.27671242
0.421133 -0.27307347
0.427675 -0.26960732
0.434175 -0.26599183
0.440657 -0.26225408
0.447118 -0.25864784
0.453553 -0.25501418
0.459952 -0.25144692
0.466305 -0.24815822
0.472621 -0.24463128
0.478913 -0.24115985
0.485178 -0.23760582
0.491413 -0.23411853
0.497615 -0.23071021
0.503783 -0.22745059
0.509921 -0.22420087
0.51603 -0.22079321
0.522108 -0.21739646
0.528152 -0.21403738
0.534159 -0.21074074
0.54014 -0.20752143
0.546102 -0.20446303
0.552038 -0.20121034
0.557939 -0.19795435
0.563803 -0.19472512
0.569628 -0.19152695
0.575412 -0.18839850
0.58119 -0.18538108
0.586964 -0.18234647
0.5927 -0.17922661
0.598397 -0.17612129
0.604052 -0.17303051
0.609664 -0.16999062
0.615243 -0.16699401
0.620829 -0.16408198
0.626413 -0.16109727
0.631955 -0.15805638
0.637454 -0.15503896
0.642907 -0.15201558
0.648313 -0.14907746
0.653694 -0.14613504
0.659096 -0.14329207
0.664496 -0.14036287
0.669852 -0.13740690
0.675159 -0.13446580
0.680418 -0.13153660
0.685626 -0.12866291
0.690816 -0.12578723
0.696038 -0.12297632
0.701263 -0.12006893
0.706438 -0.11713873
0.711561 -0.11422010
0.716633 -0.11130973
0.72165 -0.10845058
0.726654 -0.10558118
0.731704 -0.10275771
0.736758 -0.09983347
0.741759 -0.09688642
0.746705 -0.09395556
0.751594 -0.09102041
0.756425 -0.08814276
0.761255 -0.08523900
0.766142 -0.08235969
0.771031 -0.07937464
0.775861 -0.07637737
0.780632 -0.07338671
0.785341 -0.07040398
0.789989 -0.06745065
0.79466 -0.06447519
0.799401 -0.06147263
0.804125 -0.05835409
0.808785 -0.05523093
0.81338 -0.05210579
0.817908 -0.04900047
0.822369 -0.04590638
0.826908 -0.04278785
0.831528 -0.03956292
0.836084 -0.03625604
0.840568 -0.03295339
0.844979 -0.02965130
0.849317 -0.02637486
0.853667 -0.02305847
0.858113 -0.01970117
0.862564 -0.01619845
0.866936 -0.01267527
0.871227 -0.00915246
0.875436 -0.00565179
0.879628 -0.00209915
0.88393 0.00151527
0.88827 0.00533954
0.892518 0.00918564
0.896674 0.01303514
0.900735 0.01686197
0.904824 0.02078327
0.909034 0.02480277
0.913238 0.02904802
0.917332 0.03329445
0.921316 0.03751462
0.925241 0.04177874
0.929306 0.04618130
0.933445 0.05086637
0.937451 0.05558944
0.941321 0.06025337
0.945168 0.06504253
0.949167 0.07000482
0.953183 0.07531671
0.957024 0.08056747
0.960743 0.08584235
0.964631 0.09140833
0.968598 0.09734901
0.972318 0.10337693
0.976051 0.10933182
0.979926 0.11628822
0.983612 0.12212713
0.987331 0.13117842
0.991079 0.13488511
0.994786 0.15106694
0.998359 0.14414787
